spawn:
  world: world
  x: -10.395933081203093
  y: -60.0
  z: 46.160050506544394
  yaw: -1.9483948
  pitch: 10.050044
